Time,Data
0 sec,30.6697714850944
0.001 sec,29.2589457634314
0.002 sec,30.121811722262
0.003 sec,34.2661204690201
0.004 sec,36.408503144474
0.005 sec,38.8572974514804
0.006 sec,38.2717722533281
0.007 sec,39.0382294370821
0.008 sec,42.6361226473843
0.009 sec,42.264453741108
0.01 sec,42.811974794427
0.011 sec,42.1114795018075
0.012 sec,39.3924071798905
0.013 sec,39.7942361244972
0.014 sec,37.2316098415913
0.015 sec,34.3476009609509
0.016 sec,43.7395315831722
0.017 sec,40.5442635447786
0.018 sec,40.2254553511491
0.019 sec,40.9969629856625
0.02 sec,38.0617345520186
0.021 sec,38.2088219756802
0.022 sec,34.5782720323239
0.023 sec,32.5412945456319
0.024 sec,34.0350203305046
0.025 sec,35.9044773647505
0.026 sec,37.9321242939381
0.027 sec,39.2797831375883
0.028 sec,39.047352025906
0.029 sec,40.829840374784
0.03 sec,41.6885458785758
0.031 sec,40.6122800533659
0.032 sec,40.9835581332969
0.033 sec,40.2568396203463
0.034 sec,37.7012662259994
0.035 sec,35.5356110577363
0.036 sec,34.7805738318358
0.037 sec,30.1788297453427
0.038 sec,34.9831798677842
0.039 sec,35.6944451474158
0.04 sec,34.8572753705516
0.041 sec,32.0291480425852
0.042 sec,32.1279424625433
0.043 sec,29.0931517964772
0.044 sec,26.698132650265
0.045 sec,28.2814197885981
0.046 sec,30.2041617515282
0.047 sec,32.0017756648949
0.048 sec,32.464219845898
0.049 sec,35.2038054004312
0.05 sec,34.7969286366023
0.051 sec,35.0583181932738
0.052 sec,34.6852127695542
0.053 sec,35.5048811122957
0.054 sec,33.2663561337266
0.055 sec,33.2902514456523
0.056 sec,29.7565559741136
0.057 sec,28.0364618063374
0.058 sec,36.4177416273636
0.059 sec,36.9644353928915
0.06 sec,35.493469456564
0.061 sec,32.523494525463
0.062 sec,33.0048263359834
0.063 sec,32.4378275961212
0.064 sec,29.0186446201609
0.065 sec,30.3909068250133
0.066 sec,34.5496196163076
0.067 sec,35.8212509419668
0.068 sec,37.4617006621602
0.069 sec,38.9488783004757
0.07 sec,38.7537400064538
0.071 sec,39.3163033320089
0.072 sec,42.6921853431317
0.073 sec,40.6777764800861
0.074 sec,41.6284363585153
0.075 sec,40.4873753035056
0.076 sec,38.0736792677466
0.077 sec,35.3060119190873
0.078 sec,32.3299519079906
0.079 sec,40.9775760678775
0.08 sec,40.7749541521386
0.081 sec,39.7047922345166
0.082 sec,37.9483617806693
0.083 sec,36.0328389089036
0.084 sec,36.4472426813521
0.085 sec,35.3831698373696
0.086 sec,31.7412944872636
0.087 sec,33.8746669349402
0.088 sec,35.7345074736648
0.089 sec,36.5445868658855
0.09 sec,37.1560287728548
0.091 sec,40.4164884447537
0.092 sec,40.4141030449018
0.093 sec,41.698147670805
0.094 sec,41.9042502669728
0.095 sec,41.4140251086286
0.096 sec,40.1884581686851
0.097 sec,38.5645576652266
0.098 sec,37.6276992416481
0.099 sec,32.8976596985322
0.1 sec,31.8302843693666
0.101 sec,35.9594112745777
0.102 sec,34.8292431101879
0.103 sec,33.9570708562707
0.104 sec,34.3970684052929
0.105 sec,29.8022136116337
0.106 sec,29.6388398115728
0.107 sec,27.2239214748167
0.108 sec,27.4339455291442
0.109 sec,29.8967931024072
0.11 sec,32.4951782400585
0.111 sec,33.0290012110649
0.112 sec,37.8267187944023
0.113 sec,36.0085159947793
0.114 sec,38.0278857208746
0.115 sec,34.4216260587408
0.116 sec,34.907436503735
0.117 sec,32.9463068383859
0.118 sec,31.9842126221664
0.119 sec,29.7247155332763
0.12 sec,28.8571645939276
0.121 sec,37.2281951711208
0.122 sec,34.0318136686616
0.123 sec,33.401548493038
0.124 sec,32.7723611618148
0.125 sec,31.89059305058
0.126 sec,29.4711068375932
0.127 sec,29.6260673851257
0.128 sec,30.9870180849199
0.129 sec,36.3212526417884
0.13 sec,36.307813313006
0.131 sec,37.9815388829771
0.132 sec,37.9191549839677
0.133 sec,40.8311661024671
0.134 sec,41.3804750460443
0.135 sec,41.4364978634757
0.136 sec,40.3362657592988
0.137 sec,39.6713311090543
0.138 sec,38.1136972034483
0.139 sec,38.6528091692199
0.14 sec,34.2798945621988
0.141 sec,32.4377711802239
0.142 sec,39.9567309545523
0.143 sec,41.5730929552193
0.144 sec,41.6401613528466
0.145 sec,36.8371750897118
0.146 sec,38.3486024166006
0.147 sec,36.359705169619
0.148 sec,34.6859018270014
0.149 sec,30.598302087979
0.15 sec,33.0236905502041
0.151 sec,37.2449249699895
0.152 sec,37.9917764442881
0.153 sec,38.6298639252855
0.154 sec,41.1880562374415
0.155 sec,39.78234793249
0.156 sec,41.0498189916438
0.157 sec,41.638887650371
0.158 sec,41.6712246084583
0.159 sec,40.9824605867941
0.16 sec,37.3916548916408
0.161 sec,34.7035648678701
0.162 sec,32.781831170019
0.163 sec,29.612564577468
0.164 sec,35.8465630477516
0.165 sec,35.1311938262168
0.166 sec,32.8918949910107
0.167 sec,31.6968688976161
0.168 sec,30.7951071685136
0.169 sec,29.7277016752078
0.17 sec,27.4351246273004
0.171 sec,28.8925614267519
0.172 sec,30.2531495368942
0.173 sec,34.1835710339834
0.174 sec,35.0074933396996
0.175 sec,34.3918584494049
0.176 sec,37.2436386492276
0.177 sec,34.8740499082566
0.178 sec,35.438283280611
0.179 sec,36.8208255231606
0.18 sec,33.631126333591
0.181 sec,33.0745157932591
0.182 sec,29.2168356571032
0.183 sec,26.2752153334956
0.184 sec,35.8132615386667
0.185 sec,36.5740910247023
0.186 sec,34.4334080942018
0.187 sec,34.1104404431021
0.188 sec,33.2632450479869
0.189 sec,30.7329567534182
0.19 sec,30.2755307677725
0.191 sec,35.0489906927111
0.192 sec,34.2521431679721
0.193 sec,34.5417528024178
0.194 sec,38.5442755428422
0.195 sec,37.8926990740793
0.196 sec,42.0777477294137
0.197 sec,41.09473234929
0.198 sec,43.087094047833
0.199 sec,41.0575589380004
0.2 sec,40.1823824713548
0.201 sec,41.0752905081711
0.202 sec,38.9735213665734
0.203 sec,33.734182774457
0.204 sec,38.3734587090031
0.205 sec,41.761938740175
0.206 sec,38.5653928793048
0.207 sec,39.3375407756749
0.208 sec,39.3085480559909
0.209 sec,36.7805990525503
0.21 sec,36.3033960587176
0.211 sec,33.0385623140535
0.212 sec,32.9061635041321
0.213 sec,33.3855417162118
0.214 sec,36.2174731955204
0.215 sec,38.7635090794808
0.216 sec,41.8217884581803
0.217 sec,40.8603204524769
0.218 sec,41.5773416568725
0.219 sec,42.3893307369135
0.22 sec,39.9078426090349
0.221 sec,40.4335382959785
0.222 sec,38.5760141964676
0.223 sec,38.8570925570268
0.224 sec,34.2019296364072
0.225 sec,32.7320327993543
0.226 sec,34.3496477184595
0.227 sec,33.6069348651674
0.228 sec,35.0093090792024
0.229 sec,30.9982451957189
0.23 sec,30.8649633716672
0.231 sec,28.6332676310652
0.232 sec,27.4401985944833
0.233 sec,26.6317580996029
0.234 sec,30.7809925718565
0.235 sec,30.1257712370681
0.236 sec,32.8117493553935
0.237 sec,34.512679250517
0.238 sec,35.4787412172
0.239 sec,35.8155528915011
0.24 sec,37.0924409580052
0.241 sec,36.6957781818463
0.242 sec,35.2350170722067
0.243 sec,34.8356785628959
0.244 sec,30.6720392336919
0.245 sec,28.5331205621551
0.246 sec,35.5182769429948
0.247 sec,36.3245866725395
0.248 sec,35.7042443014692
0.249 sec,32.6170852342094
0.25 sec,34.01087869433
0.251 sec,29.7694563640274
0.252 sec,28.4780714154166
0.253 sec,29.6717979978265
0.254 sec,32.6363439856637
0.255 sec,35.2281429205149
0.256 sec,37.2332509076484
0.257 sec,37.8710045178019
0.258 sec,39.7138237268511
0.259 sec,41.9599547213947
0.26 sec,41.799005956597
0.261 sec,41.5747997060958
0.262 sec,39.9842105792868
0.263 sec,40.3398508188179
0.264 sec,40.0777890427039
0.265 sec,36.7988088311105
0.266 sec,34.3719977110014
0.267 sec,41.1541649298307
0.268 sec,40.882254886825
0.269 sec,41.729765724368
0.27 sec,40.4330809264229
0.271 sec,39.2556494432048
0.272 sec,36.7432489084096
0.273 sec,35.3773493164591
0.274 sec,31.994119727137
0.275 sec,33.8105162327238
0.276 sec,36.1859618849296
0.277 sec,37.8141647269539
0.278 sec,38.8405812275265
0.279 sec,41.061729113374
0.28 sec,41.371394514548
0.281 sec,41.516365609871
0.282 sec,42.4652084696417
0.283 sec,40.6979307941204
0.284 sec,37.282106876652
0.285 sec,39.7658358380369
0.286 sec,37.8287090549571
0.287 sec,34.7984910194895
0.288 sec,31.15611937217
0.289 sec,36.6910160338945
0.29 sec,34.7000111501704
0.291 sec,34.1908167985539
0.292 sec,33.5592855264358
0.293 sec,29.8241567479804
0.294 sec,28.5114851610902
0.295 sec,27.513050033714
0.296 sec,27.7501152883687
0.297 sec,29.3130213608655
0.298 sec,31.4820897764429
0.299 sec,33.8779261700979
0.3 sec,35.8785932024329
0.301 sec,36.1910540671244
0.302 sec,35.0803192751721
0.303 sec,36.4714433509147
0.304 sec,35.5157594458913
0.305 sec,34.7604512502811
0.306 sec,33.2686121210099
0.307 sec,31.3890882982914
0.308 sec,29.8890533267333
0.309 sec,36.5325810102106
0.31 sec,34.4937396930415
0.311 sec,35.6513048241563
0.312 sec,33.7146535777182
0.313 sec,31.6449705315965
0.314 sec,32.4254987043662
0.315 sec,28.6532220919216
0.316 sec,30.5224342892697
0.317 sec,34.1152429003392
0.318 sec,33.6283756801698
0.319 sec,36.8857997273154
0.32 sec,39.6461357575458
0.321 sec,40.2320812173589
0.322 sec,39.9028172856766
0.323 sec,41.5072779685642
0.324 sec,39.7168361530542
0.325 sec,42.4166588020994
0.326 sec,39.718081002071
0.327 sec,36.5826826946352
0.328 sec,35.9324851021892
0.329 sec,32.7350980263136
0.33 sec,41.2660536138538
0.331 sec,42.0754238197435
0.332 sec,40.4834353555926
0.333 sec,39.0565515568533
0.334 sec,38.8139898051541
0.335 sec,36.4464921560502
0.336 sec,32.3328008318269
0.337 sec,31.7816650749629
0.338 sec,34.8918654127906
0.339 sec,34.5872784621384
0.34 sec,37.0762545456548
0.341 sec,39.838210078638
0.342 sec,41.3727330461431
0.343 sec,39.5753212661446
0.344 sec,40.1594216673536
0.345 sec,40.2758339251153
0.346 sec,40.7361870895534
0.347 sec,38.7955597284104
0.348 sec,39.7519673697132
0.349 sec,36.7255184833223
0.35 sec,31.5435059674552
0.351 sec,30.2768707423606
0.352 sec,37.0384208342908
0.353 sec,34.4855687642398
0.354 sec,34.2227522993616
0.355 sec,32.9046968657133
0.356 sec,30.7612895162106
0.357 sec,28.5109745936318
0.358 sec,26.6458838523836
0.359 sec,25.6542033965547
0.36 sec,30.4797243805689
0.361 sec,33.661200592543
0.362 sec,33.176160414232
0.363 sec,34.2388239282027
0.364 sec,36.0210022483933
0.365 sec,35.2980593332284
0.366 sec,35.843995543071
0.367 sec,35.1712195294219
0.368 sec,34.4494001353286
0.369 sec,32.1757964796511
0.37 sec,30.5969949098984
0.371 sec,27.5141495523975
0.372 sec,36.5618444652463
0.373 sec,37.6385431810944
0.374 sec,35.0275918322006
0.375 sec,34.469358002987
0.376 sec,32.7508312647297
0.377 sec,30.5978351174933
0.378 sec,29.5964661204532
0.379 sec,32.8052772125079
0.38 sec,33.6834958872473
0.381 sec,36.422592881004
0.382 sec,37.7251139827078
0.383 sec,40.7483210908301
0.384 sec,40.9152639351145
0.385 sec,40.7693925921225
0.386 sec,40.1528749340173
0.387 sec,39.912945891293
0.388 sec,38.7202001056284
0.389 sec,39.0999967853288
0.39 sec,38.3115483139785
0.391 sec,34.9841347973171
0.392 sec,30.9095093309689
0.393 sec,42.0411186859164
0.394 sec,40.1306445637189
0.395 sec,40.5997408239174
0.396 sec,39.1671890213113
0.397 sec,35.24184434462
0.398 sec,34.8792426286646
0.399 sec,33.7016239883908
0.4 sec,31.3448900939884
0.401 sec,33.6211075804715
0.402 sec,37.809305446115
0.403 sec,37.2676200341165
0.404 sec,41.1934075184184
0.405 sec,41.5954740517611
0.406 sec,41.7370846502329
0.407 sec,43.2699642748686
0.408 sec,40.8400748395997
0.409 sec,40.4624112686547
0.41 sec,39.003982469278
0.411 sec,37.0492537354454
0.412 sec,35.2743781283193
0.413 sec,30.5812099496729
0.414 sec,38.3154484397127
0.415 sec,35.5843610872989
0.416 sec,34.6120060298247
0.417 sec,33.3665643160051
0.418 sec,30.8253668484237
0.419 sec,30.1987921926176
0.42 sec,28.479413669052
0.421 sec,27.1726688531319
0.422 sec,29.1711400037601
0.423 sec,29.7689165034688
0.424 sec,33.6352870578786
0.425 sec,34.2537311751731
0.426 sec,35.8159159501375
0.427 sec,35.6079967676069
0.428 sec,35.8957990630701
0.429 sec,34.7732076044528
0.43 sec,36.1385289804724
0.431 sec,32.3874258175779
0.432 sec,32.292157995482
0.433 sec,27.144308547856
0.434 sec,26.0461979756938
0.435 sec,36.7471306251681
0.436 sec,36.2476324143292
0.437 sec,36.7067598788413
0.438 sec,31.8367196839853
0.439 sec,32.1011068844787
0.44 sec,30.5258516051686
0.441 sec,31.318621827276
0.442 sec,32.3604279800855
0.443 sec,35.2450786400628
0.444 sec,36.0187447264522
0.445 sec,39.2491045056389
0.446 sec,39.9513898450662
0.447 sec,40.794673477038
0.448 sec,40.4556912615511
0.449 sec,41.0693098912151
0.45 sec,40.8177957949201
0.451 sec,40.1637254942227
0.452 sec,38.4135792460511
0.453 sec,34.6116835828518
0.454 sec,34.2929605550899
0.455 sec,42.8869762954133
0.456 sec,42.1986053313516
0.457 sec,40.7438035516132
0.458 sec,39.3067767006686
0.459 sec,38.5366403223239
0.46 sec,38.3433595336843
0.461 sec,36.0512826270869
0.462 sec,32.6447013574244
0.463 sec,31.8972067418949
0.464 sec,35.5609783824459
0.465 sec,36.9802204631859
0.466 sec,38.5533878133429
0.467 sec,40.4250620624547
0.468 sec,41.1211141589982
0.469 sec,41.2204930807389
0.47 sec,41.598374907379
0.471 sec,41.0735925452516
0.472 sec,41.1207163521181
0.473 sec,39.4770080753673
0.474 sec,36.9987937858649
0.475 sec,35.0798474595341
0.476 sec,30.9563793072878
0.477 sec,34.9723392132735
0.478 sec,35.4678422113986
0.479 sec,35.0486789218945
0.48 sec,32.6940449749486
0.481 sec,32.2773340954769
0.482 sec,28.0659384174454
0.483 sec,25.5646580512207
0.484 sec,26.1622657759708
0.485 sec,30.0120158479204
0.486 sec,32.2346294241337
0.487 sec,32.3931459121278
0.488 sec,35.6197672175547
0.489 sec,33.6017190555933
0.49 sec,38.0888115668881
0.491 sec,36.7698191528207
0.492 sec,36.0992415202962
0.493 sec,33.5206067912732
0.494 sec,34.7791810313322
0.495 sec,31.8124850828215
0.496 sec,28.3227344107862
0.497 sec,35.5568480418278
0.498 sec,33.9532059528085
0.499 sec,35.5191767220768
0.5 sec,34.8917098309089
0.501 sec,32.5556354506049
0.502 sec,31.0709509658444
0.503 sec,29.9451756204222
0.504 sec,32.9610477563023
0.505 sec,32.4367851166938
0.506 sec,36.4574688205343
0.507 sec,38.6964000260776
0.508 sec,38.9227322336643
0.509 sec,40.6803519275101
0.51 sec,38.9790986673032
0.511 sec,41.6150259020073
0.512 sec,41.592245550248
0.513 sec,40.466110021371
0.514 sec,38.7532102950106
0.515 sec,38.658935681046
0.516 sec,35.7764019262278
0.517 sec,31.8765797968256
0.518 sec,40.1688513903814
0.519 sec,42.8823801257383
0.52 sec,42.2554280409609
0.521 sec,38.5804908707894
0.522 sec,37.5490125570206
0.523 sec,36.7216623506813
0.524 sec,33.1999657517445
0.525 sec,32.0519210459495
0.526 sec,34.095162320094
0.527 sec,37.4658609847297
0.528 sec,36.8876768456039
0.529 sec,41.0997750159947
0.53 sec,39.779967646541
0.531 sec,40.9188762769508
0.532 sec,40.9466951142726
0.533 sec,39.5687236154079
0.534 sec,39.4420309584427
0.535 sec,39.3194840256947
0.536 sec,38.8159527439115
0.537 sec,33.8734678287999
0.538 sec,33.036779151994
0.539 sec,30.4754763953219
0.54 sec,35.7133382962353
0.541 sec,34.3981342507522
0.542 sec,33.5340370202202
0.543 sec,33.0061549450079
0.544 sec,29.7525007399486
0.545 sec,28.8633967989867
0.546 sec,24.8387176719885
0.547 sec,30.2522989324012
0.548 sec,30.1102783218439
0.549 sec,33.8919684480412
0.55 sec,33.2376023876165
0.551 sec,34.4814944662373
0.552 sec,35.3261759611647
0.553 sec,37.211418340173
0.554 sec,37.1896159993792
0.555 sec,36.2712738369484
0.556 sec,33.1981829048046
0.557 sec,31.0591172880059
0.558 sec,29.5840798972082
0.559 sec,26.3815151430885
0.56 sec,38.3402445303165
0.561 sec,35.8749999632398
0.562 sec,34.7536473241443
0.563 sec,33.9962719999887
0.564 sec,30.6613344960878
0.565 sec,28.5944065310259
0.566 sec,29.8997118709263
0.567 sec,33.361686807134
0.568 sec,35.1378889925928
0.569 sec,36.8853844924591
0.57 sec,37.0934567888454
0.571 sec,40.3332560322831
0.572 sec,42.8191182890907
0.573 sec,41.8105994564755
0.574 sec,42.1766670555699
0.575 sec,40.6437658822695
0.576 sec,41.7781285211523
0.577 sec,39.1884159918566
0.578 sec,36.1146872535785
0.579 sec,36.4099435481759
0.58 sec,33.8264741752048
0.581 sec,43.0346253847332
0.582 sec,41.9148528218516
0.583 sec,40.0611471025282
0.584 sec,40.7622030161351
0.585 sec,36.1223856290883
0.586 sec,36.284227221536
0.587 sec,33.7497491865326
0.588 sec,32.4213074808669
0.589 sec,34.9995300800457
0.59 sec,36.1234732147268
0.591 sec,37.0232052535603
0.592 sec,40.0479777064552
0.593 sec,42.9578132223079
0.594 sec,41.8139072896455
0.595 sec,42.000726381058
0.596 sec,41.2864632598187
0.597 sec,39.3023953414095
0.598 sec,40.1689413998682
0.599 sec,37.085732666245
0.6 sec,36.268272634348
0.601 sec,32.931776855106
0.602 sec,35.1999963544873
0.603 sec,36.1258798478019
0.604 sec,34.4304191735896
0.605 sec,32.3727282104984
0.606 sec,32.0213446769986
0.607 sec,28.2443368381674
0.608 sec,27.0412989502129
0.609 sec,27.4709423659878
0.61 sec,29.7476824649097
0.611 sec,29.9551853998391
0.612 sec,32.9425180176286
0.613 sec,34.7150857482352
0.614 sec,36.4350798801696
0.615 sec,36.6041923252811
0.616 sec,34.4988712810355
0.617 sec,36.1902777737408
0.618 sec,34.118835606906
0.619 sec,32.9939715020784
0.62 sec,32.7189903419365
0.621 sec,30.3486529702922
0.622 sec,31.934463705206
0.623 sec,37.4036895038949
0.624 sec,33.0784226184942
0.625 sec,33.0805987848403
0.626 sec,29.8253229192475
0.627 sec,31.120341769419
0.628 sec,27.6768864239413
0.629 sec,32.2152281117033
0.63 sec,33.4813479747617
0.631 sec,36.1422584531753
0.632 sec,37.3604205710819
0.633 sec,39.2481179533107
0.634 sec,40.0680418708266
0.635 sec,41.4041962852031
0.636 sec,41.7451347929795
0.637 sec,41.7155565915444
0.638 sec,42.1605496062411
0.639 sec,38.314662066658
0.64 sec,39.0769262308791
0.641 sec,35.8415745835964
0.642 sec,33.8176396874227
0.643 sec,40.6649037917934
0.644 sec,42.8557650577136
0.645 sec,41.5080008476459
0.646 sec,39.2734699013405
0.647 sec,37.8541238899313
0.648 sec,37.3521948852107
0.649 sec,33.8468983094078
0.65 sec,32.6664541734471
0.651 sec,33.449571005948
0.652 sec,35.9514302755178
0.653 sec,36.4151255340953
0.654 sec,38.5138115184823
0.655 sec,39.1022941398535
0.656 sec,41.232767087928
0.657 sec,43.2012018048117
0.658 sec,40.2594016856726
0.659 sec,42.5936899290387
0.66 sec,39.1968159644016
0.661 sec,39.1724911658697
0.662 sec,37.8017726416342
0.663 sec,35.680771814639
0.664 sec,32.1948869598844
0.665 sec,36.3764356619865
0.666 sec,34.011900301841
0.667 sec,32.8986429277713
0.668 sec,32.6938635419702
0.669 sec,31.1813841519248
0.67 sec,27.5443652043702
0.671 sec,25.7754854565753
0.672 sec,27.4072875919063
0.673 sec,30.105707729106
0.674 sec,31.3611447732784
0.675 sec,34.5651941444352
0.676 sec,34.9612113151591
0.677 sec,36.750542979369
0.678 sec,36.8902695368463
0.679 sec,34.8722894110838
0.68 sec,35.0973443720461
0.681 sec,33.7371824215976
0.682 sec,34.4085029047236
0.683 sec,30.3297056761497
0.684 sec,29.3185939269529
0.685 sec,36.6682215590706
0.686 sec,35.6851533297858
0.687 sec,34.5813309468684
0.688 sec,34.2401029500142
0.689 sec,31.2264591212121
0.69 sec,29.8958358428521
0.691 sec,28.0355013271135
0.692 sec,30.6516503256667
0.693 sec,34.5864624965956
0.694 sec,36.8372374292153
0.695 sec,37.1952852621036
0.696 sec,38.7290638460234
0.697 sec,40.3199561552811
0.698 sec,40.4193187917121
0.699 sec,40.6666743359727
0.7 sec,42.1632574863873
0.701 sec,39.4979585893473
0.702 sec,40.3671267800944
0.703 sec,37.5849294313377
0.704 sec,35.9835833552772
0.705 sec,36.1319880782584
0.706 sec,41.9681569419482
0.707 sec,42.6529790912936
0.708 sec,40.5074859025781
0.709 sec,37.9582030469099
0.71 sec,37.3131222989429
0.711 sec,35.9075520301863
0.712 sec,33.9936924329262
0.713 sec,30.6744529972439
0.714 sec,34.4293806988681
0.715 sec,36.4710626074861
0.716 sec,36.5799265743218
0.717 sec,40.2752008076751
0.718 sec,40.6196986087305
0.719 sec,41.2735424594793
0.72 sec,40.8230949706138
0.721 sec,42.7209190957669
0.722 sec,41.6617619708938
0.723 sec,41.132784752166
0.724 sec,37.7017169056918
0.725 sec,36.0923074520834
0.726 sec,32.4641462016476
0.727 sec,28.1791618687128
0.728 sec,35.6597318822351
0.729 sec,35.0981266898
0.73 sec,33.8728199320149
0.731 sec,32.3051908986813
0.732 sec,29.3381927698246
0.733 sec,27.2644591444008
0.734 sec,24.9303675718634
0.735 sec,29.3458981919197
0.736 sec,30.5361228129785
0.737 sec,32.8450968447117
0.738 sec,32.0396386667244
0.739 sec,35.2845131420205
0.74 sec,34.9983428433668
0.741 sec,34.2159105225956
0.742 sec,34.5300558336425
0.743 sec,35.2076299055381
0.744 sec,31.2028893711873
0.745 sec,30.4312402609869
0.746 sec,30.0029219678783
0.747 sec,26.6139674987124
0.748 sec,37.1922667652052
0.749 sec,36.5932420849542
0.75 sec,31.0408231465488
0.751 sec,32.6280907397739
0.752 sec,31.4329128081079
0.753 sec,29.6910436985873
0.754 sec,29.4211473230049
0.755 sec,32.0089036827739
0.756 sec,34.344204806068
0.757 sec,36.5030352542486
0.758 sec,38.5874874818843
0.759 sec,39.6512850502355
0.76 sec,39.8338114237711
0.761 sec,41.8076814053693
0.762 sec,44.0981830851702
0.763 sec,40.2120630740475
0.764 sec,40.9039519004358
0.765 sec,40.5236651807641
0.766 sec,37.9737452061343
0.767 sec,34.867910049623
0.768 sec,40.0331715162638
0.769 sec,42.2169522929374
0.77 sec,40.7761115830979
0.771 sec,38.0563275219318
0.772 sec,39.2192612389567
0.773 sec,37.5222628908834
0.774 sec,35.1252248422989
0.775 sec,33.7222657258253
0.776 sec,33.6169123347563
0.777 sec,36.980009449884
0.778 sec,37.8453995107904
0.779 sec,39.108354602218
0.78 sec,39.4475119460399
0.781 sec,41.8406195242664
0.782 sec,41.6832115347033
0.783 sec,42.1102818949123
0.784 sec,41.210372902397
0.785 sec,39.4814113062718
0.786 sec,40.1772925358024
0.787 sec,37.7347320309348
0.788 sec,33.8288236381436
0.789 sec,30.6001573671333
0.79 sec,37.1956170035417
0.791 sec,36.7403769970317
0.792 sec,34.4357698020335
0.793 sec,33.4135411939527
0.794 sec,31.6886732389059
0.795 sec,28.929177701519
0.796 sec,26.9321326340488
0.797 sec,27.0128585572849
0.798 sec,29.0507931383934
0.799 sec,32.769780816636
0.8 sec,33.1346138578924
0.801 sec,33.8127031065072
0.802 sec,36.609916357903
0.803 sec,36.2038604902172
0.804 sec,35.2923551898362
0.805 sec,38.3871388546288
0.806 sec,36.1721564563843
0.807 sec,31.7479223252799
0.808 sec,29.3879646708915
0.809 sec,29.3128357619494
0.81 sec,36.0247676321902
0.811 sec,36.5573691269688
0.812 sec,35.2164874645334
0.813 sec,34.2273679133121
0.814 sec,31.0359495256977
0.815 sec,29.6985232278952
0.816 sec,29.6334288500171
0.817 sec,29.2018823789751
0.818 sec,33.9284535955345
0.819 sec,35.3867218277848
0.82 sec,39.1032001863191
0.821 sec,40.2415142402357
0.822 sec,39.1967367887313
0.823 sec,42.0848830144996
0.824 sec,42.1649722045628
0.825 sec,41.0389236969254
0.826 sec,40.5501233348276
0.827 sec,40.89308279467
0.828 sec,39.1944479867846
0.829 sec,37.7840924859088
0.83 sec,34.5878776557579
0.831 sec,39.187664371204
0.832 sec,40.9903520583373
0.833 sec,39.8057360210357
0.834 sec,40.9893505242498
0.835 sec,37.7254243439947
0.836 sec,35.9303950557165
0.837 sec,33.6398751759499
0.838 sec,32.1484594509883
0.839 sec,33.430959403644
0.84 sec,34.0753533966342
0.841 sec,37.2901415178466
0.842 sec,39.5829106865338
0.843 sec,40.9699402604844
0.844 sec,39.4421780242379
0.845 sec,41.9143695040402
0.846 sec,39.7243178712134
0.847 sec,40.2428943084167
0.848 sec,39.8927799259985
0.849 sec,37.7244169796071
0.85 sec,37.4880225460038
0.851 sec,33.5060171698233
0.852 sec,33.3982702846271
0.853 sec,34.7961864904457
0.854 sec,34.7208060784579
0.855 sec,33.2496550509454
0.856 sec,33.0664221066526
0.857 sec,30.9248402050791
0.858 sec,29.2177129548775
0.859 sec,26.2220585458839
0.86 sec,26.7430458416998
0.861 sec,29.2635444176152
0.862 sec,33.1972691241078
0.863 sec,34.4541308569428
0.864 sec,34.4603929868458
0.865 sec,34.1208687925844
0.866 sec,36.569979575475
0.867 sec,36.0195995410444
0.868 sec,35.046884519489
0.869 sec,34.3248908132585
0.87 sec,32.407698160915
0.871 sec,31.2854541742373
0.872 sec,28.8750085173921
0.873 sec,33.7291008544093
0.874 sec,37.0909237688496
0.875 sec,33.5917471314642
0.876 sec,34.1065541968788
0.877 sec,32.4021183048019
0.878 sec,31.2415183867914
0.879 sec,27.4231165619789
0.88 sec,33.233491334564
0.881 sec,36.91615532964
0.882 sec,36.356605288954
0.883 sec,39.7003835065228
0.884 sec,39.8195169029655
0.885 sec,41.6922576712114
0.886 sec,38.9982614011575
0.887 sec,42.1321821421055
0.888 sec,40.8045539172707
0.889 sec,39.4107241308561
0.89 sec,40.1628593756822
0.891 sec,37.5511670915034
0.892 sec,36.2063900587356
0.893 sec,31.9317192752456
0.894 sec,43.8141615332116
0.895 sec,41.6561395992313
0.896 sec,38.2532481924755
0.897 sec,38.3425014193426
0.898 sec,38.6161176006194
0.899 sec,35.6964340670628
0.9 sec,34.293360960057
0.901 sec,31.0127760858308
0.902 sec,34.3608013463895
0.903 sec,36.7289758757269
0.904 sec,37.0353212892828
0.905 sec,39.9421976985774
0.906 sec,41.7186641235179
0.907 sec,41.9338743331118
0.908 sec,43.6543676892035
0.909 sec,39.8423940469681
0.91 sec,40.6485598817816
0.911 sec,39.9925528449162
0.912 sec,37.7341023504253
0.913 sec,35.8432495517439
0.914 sec,32.9049579458044
0.915 sec,35.312054344618
0.916 sec,34.9324446678938
0.917 sec,34.9980113373604
0.918 sec,34.5932481053301
0.919 sec,32.4308492375917
0.92 sec,29.8751458360777
0.921 sec,27.7390133776048
0.922 sec,26.5002265446499
0.923 sec,29.4700154986367
0.924 sec,32.1947477144671
0.925 sec,32.1898281378165
0.926 sec,36.8321712053542
0.927 sec,35.1736973808841
0.928 sec,36.2389095024192
0.929 sec,37.0415806666562
0.93 sec,36.1017172863392
0.931 sec,34.5727793644987
0.932 sec,35.0444437246514
0.933 sec,30.58388149197
0.934 sec,30.166709501474
0.935 sec,33.5581887855003
0.936 sec,35.5735516258718
0.937 sec,35.0943006761429
0.938 sec,34.6760720134551
0.939 sec,33.1967188875897
0.94 sec,31.2947531057418
0.941 sec,29.7143267700496
0.942 sec,30.8041098260322
0.943 sec,34.0015462537534
0.944 sec,35.2618035481516
0.945 sec,37.0133045263409
0.946 sec,39.083865461015
0.947 sec,39.9031085773114
0.948 sec,41.0132932455074
0.949 sec,41.5758227638023
0.95 sec,43.5066810451527
0.951 sec,41.7695978549019
0.952 sec,41.074962633099
0.953 sec,39.4388509077078
0.954 sec,37.4403056254296
0.955 sec,33.7787268733289
0.956 sec,41.4636034397044
0.957 sec,42.1542470769168
0.958 sec,40.661436031319
0.959 sec,39.7102236669665
0.96 sec,39.1157936174504
0.961 sec,38.7949529351173
0.962 sec,33.8138932660043
0.963 sec,33.3057794663242
0.964 sec,34.9461234759208
0.965 sec,36.0237571940994
0.966 sec,36.1553036422391
0.967 sec,40.5083598463481
0.968 sec,40.0051048901961
0.969 sec,39.7005757418714
0.97 sec,42.043343228848
0.971 sec,41.1807431705436
0.972 sec,40.3682778402478
0.973 sec,39.5400498604018
0.974 sec,37.2450148168621
0.975 sec,36.6216045437011
0.976 sec,34.749742805725
0.977 sec,31.2242315745503
0.978 sec,37.4815395431029
0.979 sec,35.3821097461904
0.98 sec,35.7776934362687
0.981 sec,32.4321877780546
0.982 sec,32.3905083376706
0.983 sec,28.2102961766993
0.984 sec,25.8384485556122
0.985 sec,28.6385841888194
0.986 sec,32.1011219377076
0.987 sec,30.835879789703
0.988 sec,34.2920268518652
0.989 sec,35.3942023110648
0.99 sec,34.9814372543593
0.991 sec,37.0348268935189
0.992 sec,35.5251017269082
0.993 sec,34.26976614909
0.994 sec,33.3761121934627
0.995 sec,33.3256385849777
0.996 sec,31.4263348287185
0.997 sec,28.85498479156
0.998 sec,35.2094860835445
0.999 sec,35.6119214783384
1 sec,35.4074923668482
1.001 sec,34.358911829524
1.002 sec,33.3504933185784
1.003 sec,30.0297638190188
1.004 sec,29.3715603894584
1.005 sec,33.4871101794785
1.006 sec,33.527631964524
1.007 sec,35.2532289968686
1.008 sec,38.2767105545857
1.009 sec,40.6542309270966
1.01 sec,41.236998407447
1.011 sec,41.2134546904133
1.012 sec,42.1226597999315
1.013 sec,42.5263135977302
1.014 sec,40.9568224724306
1.015 sec,39.7429561068153
1.016 sec,37.3055932595121
1.017 sec,34.8426410509332
1.018 sec,34.0062136734189
1.019 sec,41.5434851742253
1.02 sec,38.8635866925674
1.021 sec,41.2510395983478
1.022 sec,39.4244420149763
1.023 sec,38.7579885968548
1.024 sec,36.3101192017754
1.025 sec,34.3295245782333
1.026 sec,31.6064101117265
1.027 sec,35.7970213824444
1.028 sec,37.2210660236881
1.029 sec,38.6204993543242
1.03 sec,39.8741180569098
1.031 sec,42.1008018415265
1.032 sec,42.3825215267829
1.033 sec,40.2482477363667
1.034 sec,42.0809408504449
1.035 sec,42.2046898761409
1.036 sec,40.2503015596566
1.037 sec,36.8478125951391
1.038 sec,34.8491948582932
1.039 sec,35.1299966629716
1.04 sec,29.8503085728265
1.041 sec,35.6460287884599
1.042 sec,32.8574903429235
1.043 sec,34.4108588981752
1.044 sec,30.6124574109056
1.045 sec,29.499067936692
1.046 sec,28.1579598464614
1.047 sec,27.434370605367
1.048 sec,30.630738274251
1.049 sec,31.4284620403541
1.05 sec,32.5036138642031
1.051 sec,34.7880086663682
1.052 sec,35.3842648813157
1.053 sec,35.5636840632032
1.054 sec,35.6860433733936
1.055 sec,34.1690940335222
1.056 sec,34.1672794510962
1.057 sec,33.4114634657457
1.058 sec,33.0813575330904
1.059 sec,29.6344792130505
1.06 sec,28.7668562964675
1.061 sec,35.184376077776
1.062 sec,35.9810286136941
1.063 sec,33.9109520002213
1.064 sec,35.3657094548539
1.065 sec,30.4756015368979
1.066 sec,28.5438968031778
1.067 sec,31.5426365708762
1.068 sec,33.4010498043899
1.069 sec,35.8550969087202
1.07 sec,38.2514884529114
1.071 sec,40.7925070929259
1.072 sec,41.2828647217285
1.073 sec,41.0325748981983
1.074 sec,40.6049589256595
1.075 sec,41.0717600532219
1.076 sec,42.3495906908188
1.077 sec,39.9183617389189
1.078 sec,38.6084927014602
1.079 sec,37.398031673367
1.08 sec,35.3471910314762
1.081 sec,42.197580739918
1.082 sec,40.9516553441114
1.083 sec,41.1802527037986
1.084 sec,41.6275964951152
1.085 sec,38.8692841337298
1.086 sec,35.5710901730832
1.087 sec,32.5359738293399
1.088 sec,31.6990993852673
1.089 sec,32.1917614306637
1.09 sec,35.5898615032279
1.091 sec,34.5185746284536
1.092 sec,40.0435139517692
1.093 sec,40.4409470421669
1.094 sec,40.3573612382493
1.095 sec,42.4339335953327
1.096 sec,41.9012920431875
1.097 sec,42.1700140706977
1.098 sec,40.1094354901024
1.099 sec,37.2294714998407
1.1 sec,36.5351602725179
1.101 sec,34.5855044339148
1.102 sec,30.663931921497
1.103 sec,35.5032825286368
1.104 sec,35.3119644547425
1.105 sec,33.4999306276156
1.106 sec,33.7843989869803
1.107 sec,29.5691428317558
1.108 sec,28.3314023936551
1.109 sec,27.4867878652484
1.11 sec,26.6253616343855
1.111 sec,28.9282289249196
1.112 sec,31.4814407342928
1.113 sec,32.4700092474807
1.114 sec,35.3173410432392
1.115 sec,35.7303555739603
1.116 sec,34.0127378857726
1.117 sec,36.5105111234501
1.118 sec,36.3592529723549
1.119 sec,34.8960296456819
1.12 sec,33.4366128606318
1.121 sec,30.2171240722495
1.122 sec,27.539880528783
1.123 sec,35.8571025630735
1.124 sec,36.3229739696507
1.125 sec,34.3996492045492
1.126 sec,32.5789208470227
1.127 sec,32.9354858038206
1.128 sec,32.196501853139
1.129 sec,27.5383327902629
1.13 sec,32.1209561887922
1.131 sec,33.2285647051041
1.132 sec,36.9469517092484
1.133 sec,39.1494793020226
1.134 sec,41.3909234397992
1.135 sec,39.1612215585343
1.136 sec,42.1408376246785
1.137 sec,41.610750987673
1.138 sec,40.9824021159396
1.139 sec,42.947610468424
1.14 sec,40.2976345296338
1.141 sec,38.4541221001439
1.142 sec,35.4540679191777
1.143 sec,32.2457683392817
1.144 sec,40.3263239759147
1.145 sec,40.3831416947149
1.146 sec,40.9326851869346
1.147 sec,39.2457480095547
1.148 sec,38.6843196347492
1.149 sec,34.8061336220502
1.15 sec,34.2637853306255
1.151 sec,32.9406057461271
1.152 sec,33.2639627953136
1.153 sec,36.447151199269
1.154 sec,37.3860629365087
1.155 sec,39.9528066569156
1.156 sec,42.7636655453083
1.157 sec,43.1046972565777
1.158 sec,41.8764124358314
1.159 sec,41.7749243850121
1.16 sec,41.597894528572
1.161 sec,38.9722828700987
1.162 sec,37.8474576983889
1.163 sec,35.3275491414849
1.164 sec,33.5444006308611
1.165 sec,28.9188618560289
1.166 sec,34.5457069854093
1.167 sec,33.6619470054423
1.168 sec,34.9914048033344
1.169 sec,32.4882465829854
1.17 sec,30.3507094340235
1.171 sec,27.6261176519194
1.172 sec,25.7603828354953
1.173 sec,28.1916321280732
1.174 sec,30.4608194166436
1.175 sec,32.9753613137718
1.176 sec,33.5967279205415
1.177 sec,34.4239727427292
1.178 sec,36.2953410245113
1.179 sec,35.3036513283649
1.18 sec,36.1942120169769
1.181 sec,33.0752691729018
1.182 sec,32.3793598600028
1.183 sec,31.6697141867308
1.184 sec,29.8107571296717
1.185 sec,27.1440374889761
1.186 sec,34.9194568699116
1.187 sec,35.4565210725979
1.188 sec,34.9156864608675
1.189 sec,33.2816180758514
1.19 sec,33.851467604021
1.191 sec,31.7148114000566
1.192 sec,28.2737586218433
1.193 sec,32.3424858083104
1.194 sec,35.3829056391225
1.195 sec,38.7485516317952
1.196 sec,38.2497081659568
1.197 sec,40.5557770522961
1.198 sec,41.8167408837328
1.199 sec,41.0109187924055
1.2 sec,41.3861169798242
